10005
10026
10028
10033
10045
1005
10067
10075
10107
10125
10139
10150
10166
10184
10222
10223
10235
10255
10259
10267
10277
10278
10281
10282
10288
10296
10297
1031
10313
10338
10357
10378
10400
10432
10441
10443
1046
10479
10496
10502
10511
10522
10536
10537
1054
10574
10577
10598
10600
10644
1065
10655
10683
10685
10688
10735
10792
10795
10809
10822
10855
10900
10901
10930
10932
11010
11011
1102
11024
11031
11037
11058
11073
11082
11095
11105
11113
11136
11139
11145
11153
11156
11169
11176
11183
11199
11207
11249
11254
11288
11356
11371
1140
11412
11423
11441
11449
11466
1147
11478
11485
11515
11536
11575
11643
11674
11676
11678
11709
11720
11731
11755
11756
11761
11781
11784
11796
11812
11814
11828
11833
11856
11864
1188
11897
11909
11916
11918
11972
11990
11998
12001
12003
1203
12063
12075
1208
12083
12090
1211
12114
1213
12131
12148
12171
12172
12193
12220
12235
12243
12245
12246
12258
12289
12290
12292
12336
12353
12370
1238
12380
12390
12399
124
12416
12430
12456
12464
12477
12514
12519
1256
12579
12601
12609
12613
12618
12647
12671
12673
12676
12691
12700
12718
12743
12752
1276
12776
12786
1280
12804
12830
12853
12896
12936
12937
12950
1296
12965
12966
12970
12972
12974
13005
1304
13050
13063
13078
1310
13124
13165
13170
13171
13176
13209
13224
13259
13261
13332
13352
13362
13372
13378
13417
1342
13444
13445
1346
13471
13475
13489
13526
13532
13552
1358
13594
136
13607
13622
13653
13672
13676
13678
13679
13693
13707
13710
13775
13826
13858
1387
13873
13875
13876
13887
13925
13926
1393
13973
14012
14013
1403
14044
14054
14105
14111
14164
14174
1421
14214
14248
14276
14291
14301
14366
14382
14397
14408
14420
14442
1447
14481
14544
14553
14562
14565
14591
14627
14660
14669
14703
1471
1472
14721
14730
14763
14785
148
14816
14827
14841
14843
14845
14869
14877
14902
14903
14918
1500
1510
152
1546
1553
1582
1600
1602
1604
1607
164
1643
165
1665
1673
1690
1709
1713
1720
1740
1828
1834
1847
1864
1878
189
1895
1906
1926
193
1946
1980
2039
2044
2054
2061
207
2079
2080
2096
2110
2126
2131
2145
2147
2151
2170
22
2200
2209
2228
2241
2246
2268
2269
2281
2313
233
2330
2338
2339
2341
2388
2408
2444
2449
247
2473
2476
2503
2512
253
2553
2559
2560
2611
2658
2664
2665
2729
2743
2753
2775
2802
2810
2814
2833
2870
2893
2919
293
2940
2942
2947
2949
2963
2975
2988
3020
3023
3034
304
3065
3078
3096
3114
3130
3155
3165
3228
3249
3256
326
3278
328
3283
3296
33
3332
3372
3394
3397
3409
3410
3426
3457
3495
3496
3497
351
3518
3544
355
3550
3574
3611
362
3623
3634
3645
3654
3685
369
3691
3695
3707
372
3731
3748
3797
3804
3829
384
3845
3888
3890
3898
3924
393
3937
3942
395
3962
3975
3977
3987
3997
3999
4034
4070
4085
4108
4131
415
4156
4190
4210
4217
4221
4275
428
4300
4313
4327
4330
4340
4352
4353
4385
4404
4427
4430
4470
4519
452
4536
4547
4551
4573
4600
4606
461
4624
4626
4644
4645
4651
4685
469
4697
4723
4734
4735
4737
474
4776
4793
4821
4827
4855
4873
4875
4894
4898
4914
4931
4934
4936
4946
4949
4954
496
4960
4980
4981
4987
5046
5052
5072
5087
5088
5100
5101
513
5132
515
5163
5166
5172
5202
5203
5206
5210
5259
526
5277
5367
5376
5379
5380
5421
5460
5470
5475
5479
5506
5512
5529
5530
5554
5574
5590
5618
5647
5649
5661
5665
5676
5685
5702
5709
5720
5739
5755
5762
5791
5812
5832
5838
5845
5852
5880
5919
5943
5946
5955
5986
6004
6008
6051
6066
6090
6118
6125
6130
614
6166
6168
6197
620
623
6231
6241
626
6270
6271
6280
6290
6292
6347
6438
6450
6455
6476
6483
6484
6511
6530
6533
6542
6582
6597
6599
6628
6640
6651
6658
6665
6679
6682
6684
6685
6696
6701
6716
6749
6772
6793
680
6805
684
6846
6899
6934
694
6956
6971
6973
6991
7000
7008
7016
7041
7042
7058
7076
7091
7092
7121
7125
7128
7130
7147
7172
72
7203
7218
7227
7241
725
7298
7337
7347
7356
7399
7416
742
7420
7426
7429
7441
747
7476
7505
7509
7510
754
7545
7593
7595
7599
7613
7615
762
7629
7637
7644
7648
7658
7661
7666
7668
7678
7680
7700
7746
7761
7764
7794
7823
784
7840
7858
7912
7918
793
7955
7962
7981
7992
8029
8035
8036
8041
8063
8078
8087
8094
8120
813
8143
8150
8161
8163
8169
8206
8215
8218
823
8241
8274
8289
8292
8302
8317
8347
8417
8429
8433
8450
8473
8487
8496
851
8515
8536
8582
8598
861
8619
8633
8648
8649
867
8677
8679
868
8714
8747
8763
8764
8777
878
8781
8787
8830
884
8855
8864
887
8882
8885
8940
8950
8954
8964
9029
9086
9091
9131
9135
9155
9159
9179
9193
9196
9230
9231
9240
9245
9255
9256
9275
9296
9308
9334
9358
9365
9369
9383
9399
9412
9434
9438
9446
9469
95
9502
9504
9516
9518
9542
9555
9571
9573
960
9605
9618
9633
9638
9642
9710
9722
9737
9738
9739
9753
9770
9779
9806
9829
9841
9859
9873
9880
9881
9907
991
9930
9935
9943
9952
996
9999
